-1.014646
0.25802606
-0.45022124
-0.59342381
-0.36649803
-0.72613781
-0.62612713
-0.79058611
-0.7753771
-0.64000858
-0.56217265
-0.47958699
-0.80891079
-0.55498927
-0.62571409
-0.59523602
-0.66779278
-0.63690022
-0.604636
-0.64813089
-0.54012348
-0.89158518
-0.41940633
-0.66770083
-0.72519552
-0.7446154
-0.47504655
-0.53343556
-0.15737464
-0.79087423
-0.52587042
-0.35290327
-0.63997708
-0.40765786
-0.8167303
-0.41228263
-0.61364063
-0.70557319
-0.16740479
-0.66586468
-0.56846283
-0.61167863
-0.63440693
-1.009275
-0.45492129
-0.6359169
-0.71326961
-0.6896596
-0.64718119
-0.66539949
-0.71966259
-0.80967372
-0.81457246
0.3553003
-0.68454922
-0.41383304
-0.61013661
-0.26042633
-0.61349997
-0.36640056
-0.57825917
-0.25281697
-0.79139392
-0.54332342
-1.0085059
-0.42553502
-0.48281083
-0.55029341
-0.57941411
-1.0180265
-0.62057583
-1.1940045
-0.69398295
-0.13038195
-0.75306846
0.13026665
-0.4560416
-0.086856027
-0.3776695
-0.59621476
-0.24507044
-0.90029019
-0.5904314
-0.41168841
-0.031447341
0.25062811
-0.7534065
-0.61270233
-0.5688154
-0.76616483
-0.32932628
-0.47552346
-0.29533947
-0.5207506
-0.70373988
-0.63375668
-0.36372295
-0.63431868
-0.7354013
-0.86836636
-0.50212766
-0.74911434
-0.62585525
-0.51977349
-0.47319367
-0.52349321
-0.69693695
0.17582458
-0.64746264
-0.69671539
-0.77359001
-0.4634007
-0.68026673
-0.7055699
-0.85528738
-0.56124686
-0.66185228
-0.014753648
-0.59531866
-0.81452596
-0.83557244
-0.57897291
-0.56336135
-0.63268404
-0.4786342
-0.68798671
-0.43887147
-0.65602323
-0.56464151
0.12052077
-0.67800612
-0.40770475
-0.89974359
-0.43697075
-0.15899431
-0.67014232
-0.16879362
-0.49587601
-0.1929058
-0.72555523
-0.62378311
-0.71832665
-0.55234235
-0.54657995
-0.43165761
-0.45287619
-0.75733019
-0.70780487
-0.63542857
-0.60010571
-0.64429392
-0.45452533
-0.80099728
